[1.6199842691421509, 1.7295827865600586, 0.918012261390686, 0.8011484146118164, 0.034260693937540054, 0.08524790406227112, 0.051045529544353485, 0.052840910851955414, -0.11100342869758606, -0.12413375824689865, 0.4984809160232544, 0.37789663672447205],
[1.515272855758667, 1.6107587814331055, 0.8362001180648804, 0.7430487871170044, 0.034430231899023056, 0.09904445707798004, 0.03586190566420555, 0.04368547722697258, -0.11344131827354431, -0.10520567744970322, 0.44007962942123413, 0.33495891094207764],
[1.4509285688400269, 1.5328545570373535, 0.7809344530105591, 0.7092780470848083, 0.02625701203942299, 0.1055368110537529, 0.025214891880750656, 0.03653872758150101, -0.1073923408985138, -0.08924141526222229, 0.3968052864074707, 0.29973655939102173],
[1.432476282119751, 1.5037176609039307, 0.7681631445884705, 0.7115651369094849, 0.020413363352417946, 0.09961844980716705, 0.02437128871679306, 0.030471893027424812, -0.09716784954071045, -0.08387645334005356, 0.39233964681625366, 0.28107956051826477],
[1.447699785232544, 1.5056705474853516, 0.787985622882843, 0.7389092445373535, 0.02409190870821476, 0.08071891963481903, 0.030185233801603317, 0.026119451969861984, -0.08974046260118484, -0.09137498587369919, 0.42635050415992737, 0.2797354459762573],
[1.472677230834961, 1.5125700235366821, 0.8193134069442749, 0.7739250659942627, 0.03725166618824005, 0.05525068938732147, 0.03956573083996773, 0.026960965245962143, -0.09317560493946075, -0.10364410281181335, 0.4784495532512665, 0.28803831338882446],
[1.4906935691833496, 1.5182806253433228, 0.8445016145706177, 0.8004083037376404, 0.05397922545671463, 0.033522918820381165, 0.052232831716537476, 0.03541206568479538, -0.10810564458370209, -0.11430879682302475, 0.5235860347747803, 0.29890814423561096],
[1.5062344074249268, 1.535938024520874, 0.8618255257606506, 0.813927412033081, 0.06607751548290253, 0.025479823350906372, 0.06294507533311844, 0.049268223345279694, -0.12427487224340439, -0.12251881510019302, 0.5489633083343506, 0.308712363243103],
[1.5286107063293457, 1.5726079940795898, 0.8793970942497253, 0.8211280107498169, 0.06782571971416473, 0.032902345061302185, 0.06682831048965454, 0.061792995780706406, -0.1340111792087555, -0.12801212072372437, 0.5549340844154358, 0.31557032465934753],
[1.5553628206253052, 1.6185424327850342, 0.8985217809677124, 0.8259708881378174, 0.06042753905057907, 0.048914264887571335, 0.0648212879896164, 0.06764419376850128, -0.1377287209033966, -0.13075783848762512, 0.5466253757476807, 0.31951773166656494],
[1.577424168586731, 1.6576173305511475, 0.9127801656723022, 0.8275652527809143, 0.049292173236608505, 0.06442601978778839, 0.06034548580646515, 0.06694633513689041, -0.1375860720872879, -0.13113507628440857, 0.5306646823883057, 0.3211058974266052],
[1.588050365447998, 1.6785557270050049, 0.9174147844314575, 0.825154185295105, 0.03967093303799629, 0.07359641045331955, 0.05571042746305466, 0.06264176219701767, -0.1347583830356598, -0.12928007543087006, 0.5145808458328247, 0.320278525352478],
[1.5862497091293335, 1.6792914867401123, 0.9134208559989929, 0.8199621438980103, 0.03465107083320618, 0.07514090836048126, 0.05201827734708786, 0.05753625929355621, -0.1301843672990799, -0.1262909471988678, 0.5043143630027771, 0.3173995316028595],
[1.575832486152649, 1.6649813652038574, 0.9044412970542908, 0.8134761452674866, 0.03487568721175194, 0.07090574502944946, 0.04948441684246063, 0.053279031068086624, -0.12608090043067932, -0.12381330132484436, 0.5016829967498779, 0.31363600492477417],
[1.5617809295654297, 1.6436936855316162, 0.8938464522361755, 0.8067599534988403, 0.038611773401498795, 0.06406643241643906, 0.047922052443027496, 0.05079825967550278, -0.12428630888462067, -0.12243057042360306, 0.5040896534919739, 0.3097894787788391],
[1.5490611791610718, 1.623929500579834, 0.8845208883285522, 0.8007342219352722, 0.043209515511989594, 0.057861845940351486, 0.04714900255203247, 0.05039520561695099, -0.12507137656211853, -0.12178262323141098, 0.507876455783844, 0.30654025077819824],
[1.5407402515411377, 1.610838770866394, 0.8780372142791748, 0.7960342764854431, 0.04651028662919998, 0.05414929240942001, 0.04673396795988083, 0.051387641578912735, -0.12715400755405426, -0.12140408158302307, 0.5104193687438965, 0.30408406257629395],
[1.5377835035324097, 1.6055920124053955, 0.8750650882720947, 0.793315589427948, 0.04776646941900253, 0.05296815559267998, 0.04638230800628662, 0.05278318002820015, -0.12924952805042267, -0.121094711124897, 0.5111395716667175, 0.30254143476486206],
[1.539459466934204, 1.6065733432769775, 0.8753676414489746, 0.7928777933120728, 0.047463495284318924, 0.05309636518359184, 0.046158768236637115, 0.05388247221708298, -0.1306125670671463, -0.12105808407068253, 0.5112601518630981, 0.30197519063949585],
[1.5438783168792725, 1.6108397245407104, 0.8779569268226624, 0.7944323420524597, 0.0467439666390419, 0.05321168899536133, 0.046275585889816284, 0.05453121289610863, -0.13138633966445923, -0.12140803784132004, 0.5122728943824768, 0.3023660480976105],
[1.5483791828155518, 1.6150906085968018, 0.8811925053596497, 0.7967026829719543, 0.04661853611469269, 0.05282086133956909, 0.04681006073951721, 0.05494740605354309, -0.13179442286491394, -0.12203638255596161, 0.5144917368888855, 0.30324798822402954],
[1.5520238876342773, 1.618517518043518, 0.8842504024505615, 0.7989581227302551, 0.04726673662662506, 0.05211379751563072, 0.04768349975347519, 0.05540414899587631, -0.1322557032108307, -0.12291470915079117, 0.5175434350967407, 0.3043872117996216],
[1.5542649030685425, 1.6207677125930786, 0.8864521384239197, 0.8005058765411377, 0.0482465997338295, 0.051641009747982025, 0.04861309751868248, 0.05610837787389755, -0.13287648558616638, -0.12373233586549759, 0.5201968550682068, 0.30533722043037415],
[1.555415391921997, 1.6225030422210693, 0.887681782245636, 0.8010033965110779, 0.048986539244651794, 0.05196972191333771, 0.04928497225046158, 0.056954123079776764, -0.13350844383239746, -0.12431386113166809, 0.521464467048645, 0.30585286021232605],
[1.5558834075927734, 1.623962163925171, 0.8880317807197571, 0.8005577921867371, 0.04911477863788605, 0.05322954058647156, 0.04950273036956787, 0.05759572237730026, -0.13387174904346466, -0.12442073971033096, 0.5209257006645203, 0.3058639168739319],
[1.5560184717178345, 1.6252646446228027, 0.887744128704071, 0.7996350526809692, 0.04860110580921173, 0.05496768280863762, 0.04928591847419739, 0.05793260410428047, -0.13388210535049438, -0.12407916784286499, 0.5190230011940002, 0.30551379919052124],
[1.5557968616485596, 1.6258193254470825, 0.886965274810791, 0.7985488176345825, 0.047733232378959656, 0.05650106444954872, 0.04880901798605919, 0.05787557363510132, -0.13342154026031494, -0.12353222072124481, 0.5166705846786499, 0.3048248291015625],
[1.5554097890853882, 1.6256742477416992, 0.8860619068145752, 0.797760546207428, 0.047024160623550415, 0.057303059846162796, 0.04829652979969978, 0.057633817195892334, -0.13272729516029358, -0.12302473187446594, 0.5149641036987305, 0.3042067587375641],
[1.5542843341827393, 1.62405526638031, 0.8848055005073547, 0.7969796061515808, 0.046785272657871246, 0.05729422718286514, 0.04793494567275047, 0.057302240282297134, -0.13205529749393463, -0.12262696027755737, 0.5141512751579285, 0.3035215735435486],
[1.5529705286026, 1.6219121217727661, 0.8836352229118347, 0.7964285612106323, 0.04702341556549072, 0.05677573010325432, 0.04781851917505264, 0.05713483691215515, -0.13163673877716064, -0.12246459722518921, 0.5143094658851624, 0.3030405044555664],
[1.5519046783447266, 1.6199676990509033, 0.8826941251754761, 0.7960689663887024, 0.04753343015909195, 0.056093525141477585, 0.04791737720370293, 0.05721081793308258, -0.13160067796707153, -0.12253084778785706, 0.515027642250061, 0.30274510383605957],
[1.5511720180511475, 1.6185895204544067, 0.8821144700050354, 0.7958384156227112, 0.04805894196033478, 0.05558527261018753, 0.0480942465364933, 0.05749724432826042, -0.13176985085010529, -0.12272199243307114, 0.515788197517395, 0.3025820255279541],
[1.5509411096572876, 1.6180294752120972, 0.8818433880805969, 0.7956591844558716, 0.04838646203279495, 0.05546201020479202, 0.048203930258750916, 0.05785130709409714, -0.1320430487394333, -0.1228746846318245, 0.5162715911865234, 0.30250969529151917],
[1.5510286092758179, 1.6181050539016724, 0.8818477392196655, 0.7955640554428101, 0.04840148240327835, 0.055644094944000244, 0.048277754336595535, 0.05823073536157608, -0.13222332298755646, -0.12286360561847687, 0.5162807703018188, 0.3025117814540863],
[1.5514874458312988, 1.6187663078308105, 0.8820543885231018, 0.7955735921859741, 0.04822327196598053, 0.056002236902713776, 0.04828394949436188, 0.05841663107275963, -0.13228212296962738, -0.12283757328987122, 0.5160192847251892, 0.3025828003883362],
[1.5521050691604614, 1.619483470916748, 0.8824068903923035, 0.7957595586776733, 0.04796995222568512, 0.056277163326740265, 0.04825304448604584, 0.05845051258802414, -0.13221284747123718, -0.12280845642089844, 0.5157962441444397, 0.3026053309440613],
[1.552643060684204, 1.6200737953186035, 0.8827857375144958, 0.7960472702980042, 0.04783013463020325, 0.05638904124498367, 0.04827909916639328, 0.05842974781990051, -0.13209789991378784, -0.12284238636493683, 0.5158515572547913, 0.3027040362358093],
[1.5528876781463623, 1.6202714443206787, 0.8830327391624451, 0.7962150573730469, 0.0478816032409668, 0.05636881664395332, 0.04831347614526749, 0.058367591351270676, -0.13202327489852905, -0.1228928491473198, 0.5160378217697144, 0.30282458662986755],
[1.553033709526062, 1.620348334312439, 0.8832217454910278, 0.7963562607765198, 0.0480157807469368, 0.05627276003360748, 0.048391155898571014, 0.05839727446436882, -0.13200393319129944, -0.12302903085947037, 0.5163655281066895, 0.30292269587516785],
[1.5529682636260986, 1.6201380491256714, 0.8831761479377747, 0.7962835431098938, 0.04816466569900513, 0.05628947541117668, 0.048430342227220535, 0.058446384966373444, -0.13204415142536163, -0.12302756309509277, 0.5165742635726929, 0.30296677350997925],
[1.5527675151824951, 1.6198515892028809, 0.8830001354217529, 0.796106219291687, 0.04815678298473358, 0.05640837177634239, 0.0483822301030159, 0.0584983229637146, -0.13207875192165375, -0.12291644513607025, 0.5163977742195129, 0.30281952023506165],
[1.5528016090393066, 1.6199235916137695, 0.8829650282859802, 0.7960444688796997, 0.04805173724889755, 0.05657881498336792, 0.04826059937477112, 0.05850205197930336, -0.13208389282226562, -0.12285752594470978, 0.5162030458450317, 0.30275869369506836],
[1.5527883768081665, 1.6199672222137451, 0.8828787803649902, 0.7959633469581604, 0.0479278489947319, 0.05670486390590668, 0.04814042150974274, 0.058505427092313766, -0.13209165632724762, -0.12274427711963654, 0.5160067081451416, 0.30269044637680054],
[1.5527678728103638, 1.6199910640716553, 0.8828375339508057, 0.7959621548652649, 0.047867316752672195, 0.05666109547019005, 0.048014357686042786, 0.05848429724574089, -0.13204355537891388, -0.12265203893184662, 0.5159202218055725, 0.30270734429359436],
[1.5528068542480469, 1.6200129985809326, 0.8828810453414917, 0.796048641204834, 0.04789452254772186, 0.05650842934846878, 0.047995779663324356, 0.05849170312285423, -0.13197925686836243, -0.1226961687207222, 0.5160559415817261, 0.3027588427066803],
[1.552797794342041, 1.6199657917022705, 0.8829144835472107, 0.7961211800575256, 0.04800128936767578, 0.056313496083021164, 0.04804789274930954, 0.05854616314172745, -0.13195019960403442, -0.12280138581991196, 0.516308605670929, 0.30282536149024963],
[1.5526410341262817, 1.6198595762252808, 0.8827908039093018, 0.7960768938064575, 0.048121243715286255, 0.056174177676439285, 0.048067040741443634, 0.05860869586467743, -0.13203074038028717, -0.12279728800058365, 0.5164296627044678, 0.30289700627326965],
[1.5526833534240723, 1.6199783086776733, 0.8827328085899353, 0.7959774136543274, 0.04817800223827362, 0.0561714693903923, 0.04808296263217926, 0.058673735707998276, -0.1321554183959961, -0.12285076826810837, 0.5164735913276672, 0.3029453158378601],
[1.5527210235595703, 1.62004816532135, 0.8826199173927307, 0.7958275675773621, 0.04816615954041481, 0.0563061386346817, 0.048056602478027344, 0.05869404226541519, -0.1322258710861206, -0.12284599989652634, 0.5163533687591553, 0.30295488238334656],
[1.5524877309799194, 1.6198170185089111, 0.8823355436325073, 0.7955740094184875, 0.04804180562496185, 0.05647183209657669, 0.04798416048288345, 0.05869486555457115, -0.13218635320663452, -0.1226910948753357, 0.5159981846809387, 0.3028091788291931],
[1.5524628162384033, 1.619837760925293, 0.8822229504585266, 0.7954444289207458, 0.04788276553153992, 0.056596919894218445, 0.04793010652065277, 0.058638885617256165, -0.1321086585521698, -0.12257126718759537, 0.5157235860824585, 0.302749365568161],
[1.552528977394104, 1.6198561191558838, 0.8822289109230042, 0.7955256104469299, 0.04778396338224411, 0.05657288432121277, 0.04791249334812164, 0.058577004820108414, -0.13201077282428741, -0.12246418744325638, 0.5157426595687866, 0.3027273416519165],
[1.5526058673858643, 1.6197741031646729, 0.8823399543762207, 0.7957151532173157, 0.04779113084077835, 0.05641717091202736, 0.04796891286969185, 0.058518096804618835, -0.13196918368339539, -0.12238822132349014, 0.5160143375396729, 0.3027697801589966],
[1.5528011322021484, 1.6198675632476807, 0.8826243877410889, 0.7959817051887512, 0.047914616763591766, 0.056156225502491, 0.04813428968191147, 0.05847269296646118, -0.13200756907463074, -0.12245719134807587, 0.5165044665336609, 0.30290958285331726],
[1.5528684854507446, 1.6198633909225464, 0.8828016519546509, 0.7961592078208923, 0.048068784177303314, 0.05604223534464836, 0.04825195297598839, 0.058496151119470596, -0.1320420354604721, -0.12260614335536957, 0.5168718695640564, 0.30302518606185913],
[1.5527775287628174, 1.6198337078094482, 0.8828181028366089, 0.796191394329071, 0.04808053374290466, 0.05602678656578064, 0.048289887607097626, 0.058501504361629486, -0.13203443586826324, -0.12265393882989883, 0.5169519782066345, 0.3030242919921875],
[1.55271577835083, 1.6198513507843018, 0.8827803134918213, 0.7960937023162842, 0.047990601509809494, 0.056223295629024506, 0.04818437993526459, 0.058561891317367554, -0.13202612102031708, -0.12263131886720657, 0.5167673230171204, 0.30298715829849243],
[1.552875280380249, 1.6201097965240479, 0.8828926682472229, 0.7960705161094666, 0.04790014028549194, 0.05646774172782898, 0.04809116944670677, 0.05858882516622543, -0.13206934928894043, -0.12263614684343338, 0.5165655612945557, 0.30297720432281494],
[1.5528192520141602, 1.6201571226119995, 0.8828730583190918, 0.7960069179534912, 0.04783713072538376, 0.056595202535390854, 0.0479612797498703, 0.058547236025333405, -0.13196122646331787, -0.1226959303021431, 0.5163713097572327, 0.3029071092605591],
[1.5527712106704712, 1.6201105117797852, 0.882809579372406, 0.795983076095581, 0.04776815325021744, 0.05654759332537651, 0.04790392518043518, 0.05842386931180954, -0.13181281089782715, -0.12270194292068481, 0.51631760597229, 0.3028368353843689],
[1.5525715351104736, 1.6198569536209106, 0.882678210735321, 0.7959373593330383, 0.047801993787288666, 0.05646081268787384, 0.047795895487070084, 0.058360323309898376, -0.13174571096897125, -0.122721828520298, 0.5163396596908569, 0.30274394154548645],
[1.55251145362854, 1.6197197437286377, 0.8826285600662231, 0.7959521412849426, 0.04786277562379837, 0.05630410462617874, 0.047755420207977295, 0.05833125486969948, -0.1317286193370819, -0.12279144674539566, 0.5164007544517517, 0.3027282655239105],
[1.5525165796279907, 1.6196646690368652, 0.882587730884552, 0.7959307432174683, 0.04793986678123474, 0.056167058646678925, 0.047773659229278564, 0.058304283767938614, -0.13177184760570526, -0.12282773852348328, 0.5164663791656494, 0.302715539932251],
[1.552484393119812, 1.6195882558822632, 0.882536768913269, 0.7958222031593323, 0.04795713722705841, 0.05608697235584259, 0.0478108748793602, 0.05832676589488983, -0.13183662295341492, -0.1228192150592804, 0.516448974609375, 0.30273476243019104],
[1.5524253845214844, 1.6194794178009033, 0.8824797868728638, 0.7956850528717041, 0.04792626202106476, 0.05612245202064514, 0.04786534607410431, 0.05837260186672211, -0.1318809688091278, -0.12278096377849579, 0.5162538886070251, 0.3027164936065674],
[1.5525603294372559, 1.6196376085281372, 0.8824728727340698, 0.7956099510192871, 0.04782865568995476, 0.05616471916437149, 0.04797402024269104, 0.058358170092105865, -0.13189490139484406, -0.12271875888109207, 0.5161028504371643, 0.3027164041996002],
[1.5526920557022095, 1.6197688579559326, 0.8824884295463562, 0.7956063747406006, 0.04781150817871094, 0.05624796822667122, 0.04802481830120087, 0.058374881744384766, -0.13190478086471558, -0.12263766676187515, 0.5160998702049255, 0.3027290999889374],
[1.5528188943862915, 1.619858980178833, 0.8825266361236572, 0.7957143187522888, 0.04780426248908043, 0.056230977177619934, 0.048061370849609375, 0.058352116495370865, -0.1318650096654892, -0.12262573093175888, 0.516162633895874, 0.3027585446834564],
[1.5526678562164307, 1.6196104288101196, 0.8823595643043518, 0.7956554889678955, 0.047781672328710556, 0.05620469152927399, 0.04805656149983406, 0.058314818888902664, -0.13184161484241486, -0.1225142553448677, 0.5161674618721008, 0.3027395009994507],
[1.5528196096420288, 1.6197772026062012, 0.8824589848518372, 0.7957640886306763, 0.04778224229812622, 0.056185148656368256, 0.04814108833670616, 0.05829137563705444, -0.1318700611591339, -0.12253453582525253, 0.5163586139678955, 0.30277401208877563],
[1.5529956817626953, 1.619938850402832, 0.8826212882995605, 0.7959725856781006, 0.04781843721866608, 0.05614129453897476, 0.04821184277534485, 0.05834579095244408, -0.13193532824516296, -0.12261942774057388, 0.516602635383606, 0.3028278648853302],
[1.5530422925949097, 1.6200170516967773, 0.8826738595962524, 0.7960442304611206, 0.04789326339960098, 0.05614529922604561, 0.048316795378923416, 0.058392204344272614, -0.13203680515289307, -0.12272867560386658, 0.5167174935340881, 0.30283573269844055],
[1.552931547164917, 1.6200101375579834, 0.8825955390930176, 0.7959681749343872, 0.047935836017131805, 0.05623267963528633, 0.048418350517749786, 0.05845429748296738, -0.1320875585079193, -0.1227186992764473, 0.5166148543357849, 0.3027769923210144],
[1.5528289079666138, 1.619977593421936, 0.8824431300163269, 0.79582679271698, 0.04790450632572174, 0.05639263987541199, 0.04846343398094177, 0.05848424881696701, -0.13210459053516388, -0.12268853187561035, 0.5164321660995483, 0.3027076721191406],
[1.552716851234436, 1.620006799697876, 0.8823683857917786, 0.7957565188407898, 0.04780927300453186, 0.05653573200106621, 0.0484401136636734, 0.05850614979863167, -0.13205759227275848, -0.12259948998689651, 0.5161652565002441, 0.3026542365550995],
[1.5527865886688232, 1.6201722621917725, 0.8824231028556824, 0.7958360910415649, 0.04768725857138634, 0.05657122656702995, 0.04837006330490112, 0.058507855981588364, -0.13200624287128448, -0.12256822735071182, 0.5159906148910522, 0.3026838004589081],
[1.5528340339660645, 1.6201568841934204, 0.8824477195739746, 0.7959088087081909, 0.04763767868280411, 0.056515008211135864, 0.048341091722249985, 0.05846899002790451, -0.13199833035469055, -0.12255130708217621, 0.515984058380127, 0.30265742540359497],
[1.5526974201202393, 1.6199052333831787, 0.882421612739563, 0.7959163784980774, 0.047644615173339844, 0.056417498737573624, 0.048340268433094025, 0.05842583626508713, -0.1319737583398819, -0.122493676841259, 0.5159780979156494, 0.30259835720062256],
[1.5526912212371826, 1.6198668479919434, 0.8825045228004456, 0.7959945797920227, 0.04768446460366249, 0.05629723146557808, 0.048305775970220566, 0.058405209332704544, -0.13199999928474426, -0.12252955138683319, 0.5161181688308716, 0.3026074469089508],
[1.552630066871643, 1.6198316812515259, 0.882530152797699, 0.7960418462753296, 0.047767117619514465, 0.056260909885168076, 0.04828650504350662, 0.05844464898109436, -0.13209711015224457, -0.12251599878072739, 0.5161875486373901, 0.3026590943336487],
[1.5525054931640625, 1.6197612285614014, 0.8825291395187378, 0.7960166335105896, 0.04784790426492691, 0.056314125657081604, 0.04829924553632736, 0.058486904948949814, -0.1321730613708496, -0.12249191105365753, 0.5160715579986572, 0.3026823401451111],
[1.552579402923584, 1.6199026107788086, 0.8826473355293274, 0.7960731983184814, 0.047865912318229675, 0.05641124024987221, 0.04831692576408386, 0.058580704033374786, -0.13217931985855103, -0.12252533435821533, 0.5160136818885803, 0.3027392625808716],
[1.5527750253677368, 1.6201274394989014, 0.8827986121177673, 0.7961414456367493, 0.04788055643439293, 0.05643249303102493, 0.04832573980093002, 0.05856846645474434, -0.13212914764881134, -0.12256919592618942, 0.5160576105117798, 0.3028264045715332],
[1.5528209209442139, 1.620202660560608, 0.8828648924827576, 0.7961574196815491, 0.04789801687002182, 0.05644164979457855, 0.04823824763298035, 0.058609187602996826, -0.13212987780570984, -0.12255452573299408, 0.5160725712776184, 0.3028145134449005],
[1.5528470277786255, 1.6201772689819336, 0.8828944563865662, 0.7961012721061707, 0.04794526845216751, 0.05649266391992569, 0.04822976887226105, 0.05864480510354042, -0.13212764263153076, -0.12250533699989319, 0.5160504579544067, 0.3028208017349243],
[1.5528813600540161, 1.6201186180114746, 0.882851779460907, 0.796022355556488, 0.04796847701072693, 0.05649745836853981, 0.048129402101039886, 0.05871082469820976, -0.13210740685462952, -0.12258042395114899, 0.5160574316978455, 0.3027578294277191],
[1.5529592037200928, 1.620055913925171, 0.8829034566879272, 0.7960790395736694, 0.047923244535923004, 0.05641476809978485, 0.0480651929974556, 0.058730531483888626, -0.13207890093326569, -0.12264619022607803, 0.5161014199256897, 0.3026801347732544],
[1.5530004501342773, 1.6200824975967407, 0.8830500841140747, 0.7960933446884155, 0.0479593500494957, 0.05630471184849739, 0.04802410304546356, 0.058724213391542435, -0.13205644488334656, -0.12268809974193573, 0.516198992729187, 0.3027219772338867],
[1.553081750869751, 1.6201465129852295, 0.8831670880317688, 0.7961054444313049, 0.04799094796180725, 0.056245606392621994, 0.04801468551158905, 0.05875774472951889, -0.13205356895923615, -0.12270760536193848, 0.5163304805755615, 0.3027554154396057],
[1.553112268447876, 1.6201295852661133, 0.8831847906112671, 0.7960773706436157, 0.04801476374268532, 0.05625085532665253, 0.04802672564983368, 0.05878255516290665, -0.13199898600578308, -0.12276282161474228, 0.5163829922676086, 0.30275416374206543],
[1.5529969930648804, 1.6199798583984375, 0.8831050395965576, 0.795953094959259, 0.0480002835392952, 0.056303221732378006, 0.048053890466690063, 0.05877301096916199, -0.13193124532699585, -0.12273000180721283, 0.5163155794143677, 0.30270659923553467],
[1.5531712770462036, 1.620110034942627, 0.8831297159194946, 0.7959915399551392, 0.047986071556806564, 0.05635414272546768, 0.04808369651436806, 0.058759406208992004, -0.13189008831977844, -0.12278791517019272, 0.5163622498512268, 0.30275958776474],
[1.5530023574829102, 1.619972586631775, 0.8829535245895386, 0.7959121465682983, 0.048020899295806885, 0.056424371898174286, 0.048076894134283066, 0.05875416100025177, -0.13187091052532196, -0.1227618008852005, 0.516246497631073, 0.30273786187171936],
[1.552939534187317, 1.6199378967285156, 0.8828678727149963, 0.795817494392395, 0.047977812588214874, 0.05646895244717598, 0.04802660644054413, 0.0587751530110836, -0.131902277469635, -0.12271110713481903, 0.5161479711532593, 0.3027247488498688],
[1.5530418157577515, 1.6200250387191772, 0.8828402161598206, 0.7957973480224609, 0.047957614064216614, 0.056545667350292206, 0.04806997999548912, 0.058755841106176376, -0.13193106651306152, -0.1227373331785202, 0.5160926580429077, 0.3027787208557129],
[1.5528693199157715, 1.6198701858520508, 0.882622241973877, 0.7956133484840393, 0.04792366549372673, 0.05661802366375923, 0.04803604632616043, 0.05871998891234398, -0.13192157447338104, -0.1227140799164772, 0.5159326195716858, 0.302707314491272],
[1.5526641607284546, 1.6196233034133911, 0.8823373317718506, 0.7954533696174622, 0.04787912219762802, 0.05668747425079346, 0.047965824604034424, 0.0586545355618, -0.1319512277841568, -0.12262202799320221, 0.5157618522644043, 0.3025580048561096],
[1.5525274276733398, 1.619447112083435, 0.8821853399276733, 0.7953585982322693, 0.047822706401348114, 0.05671371892094612, 0.04788895696401596, 0.05861011892557144, -0.13199740648269653, -0.12252867221832275, 0.5156548619270325, 0.3024599254131317],
[1.5525386333465576, 1.619410514831543, 0.8821746110916138, 0.795400083065033, 0.04786393791437149, 0.05671455338597298, 0.047864023596048355, 0.05852002277970314, -0.1320088654756546, -0.12258519232273102, 0.5157002806663513, 0.30246666073799133],
