class Config(object):
    init_scale = 0.1
    learning_rate = 1.0
    max_grad_norm = 5
    num_lstm_layers=2
    unroll_step=20
    sen_vec_size=100
    max_epoch = 4
    max_max_epoch = 13
    keep_prob=1.0
    lr_decay = 0.5
    batch_size=20
    face_vec_size=1

[1.9287590980529785],
[1.369769811630249],
[0.8021285533905029],
[0.40346264839172363],
[0.24611520767211914],
[0.2580082416534424],
[0.35009515285491943],
[0.47375547885894775],
[0.5899088382720947],
[0.6597959995269775],
[0.6608387231826782],
[0.6005597114562988],
[0.5109726190567017],
[0.429978609085083],
[0.3816373348236084],
[0.36792218685150146],
[0.37678492069244385],
[0.39288461208343506],
[0.4040576219558716],
[0.40563786029815674],
[0.3994854688644409],
[0.3912440538406372],
[0.38584113121032715],
[0.38550567626953125],
[0.39005303382873535],
[0.39587247371673584],
[0.39963388442993164],
[0.39938950538635254],
[0.39562666416168213],
[0.3898909091949463],
[0.3851107358932495],
[0.38266563415527344],
[0.382645845413208],
[0.38430356979370117],
[0.38681280612945557],
[0.3889777660369873],
[0.38974106311798096],
[0.3896712064743042],
[0.3888828754425049],
[0.38829660415649414],
[0.3877584934234619],
[0.3871876001358032],
[0.38695061206817627],
[0.38695430755615234],
[0.3874025344848633],
[0.38792669773101807],
[0.38816046714782715],
[0.38823020458221436],
[0.3881577253341675],
[0.38770973682403564],
[0.3868904113769531],
[0.3866826295852661],
[0.38691246509552],
[0.3871896266937256],
[0.3878971338272095],
[0.38859593868255615],
[0.38878023624420166],
[0.3889040946960449],
[0.3884892463684082],
[0.3881021738052368],
[0.3875342607498169],
[0.38715696334838867],
[0.38723134994506836],
[0.38728582859039307],
[0.38782286643981934],
[0.3876756429672241],
[0.3876073360443115],
[0.3879258632659912],
[0.38804662227630615],
[0.38848555088043213],
[0.38905441761016846],
[0.389278769493103],
[0.38948023319244385],
[0.3890889883041382],
[0.3884451389312744],
[0.3877408504486084],
[0.38690292835235596],
[0.3866184949874878],
[0.3867793083190918],
[0.387320876121521],
[0.3876386880874634],
[0.3880293369293213],
[0.3883746862411499],
[0.38892507553100586],
[0.38916635513305664],
[0.38889074325561523],
[0.3884018659591675],
[0.3877197504043579],
[0.38708019256591797],
[0.38694608211517334],
[0.38720035552978516],
[0.387905478477478],
[0.38863277435302734],
[0.388590931892395],
[0.3883892297744751],
[0.3881564140319824],
[0.38743793964385986],
[0.38725149631500244],
[0.38737618923187256],
